150 1 137958191 -71.3895692 41.8716586
175 1 137942489 -71.4308483 41.8476305
250 0 138195522 -71.4411166 41.7656429
300 0 138100917 -71.4225397 41.8146154
325 0 138599948 -71.42702 41.820161
375 0 138564503 -71.424697 41.761272
400 8 138099795 -71.4307539 41.836229
450 0 138375993 -71.3956391 41.8448488
450 1 138561546 -71.3863949 41.888794
450 1 137958350 -71.3912328 41.8755534
475 0 138106588 -71.377407 41.877479
475 4 137847424 -71.426391 41.774831
500 0 138217165 -71.374705 41.885935
500 0 138195725 -71.3936397 41.8636447
500 0 138195702 -71.417613 41.869751
500 0 138106579 -71.374705 41.885935
500 0 138100970 -71.436178 41.826503
500 0 137974790 -71.4098352 41.8221971
500 0 137860186 -71.4023612 41.7869735
500 1 138529632 -71.4215671 41.8368634
500 1 138467195 -71.417609 41.834601
500 1 138192958 -71.428567 41.821032
500 1 138145252 -71.4345252 41.8186058
500 1 137974799 -71.430287 41.835541
500 1 137958190 -71.3989191 41.8743256
500 2 137941095 -71.4212 41.8569
500 3 138101130 -71.397026 41.82271
525 0 138123864 -71.3995184 41.7763672
525 0 137976771 -71.385765 41.88129
525 1 138721743 -71.382927 41.867263
525 1 138205370 -71.407168 41.804228
525 1 138183214 -71.3968188 41.822586
550 0 138167203 -71.4255688 41.8041436
550 0 138067046 -71.4188522 41.8357375
550 0 137976732 -71.487045 41.794589
550 1 138423742 -71.456862 41.857424
550 1 138236438 -71.375305 41.871708
550 1 137847422 -71.432833 41.779437
575 1 138694613 -71.363457 41.870804
575 1 138391135 -71.398734 41.853777
575 1 138317586 -71.389584 41.881804
575 1 138161063 -71.4011029 41.873315
575 1 138110261 -71.4011979 41.873017
575 2 138195489 -71.403305 41.893431
575 2 137931516 -71.430699 41.818249
600 0 138606763 -71.387154 41.884941
600 0 138599833 -71.4335397 41.8262027
600 0 137907007 -71.479049 41.848705
600 1 138707534 -71.44559 41.813104
600 1 138699347 -71.4074471 41.8393616
600 1 138694621 -71.492324 41.8688202
600 1 138615579 -71.4157489 41.8806839
600 1 138606765 -71.397781 41.891266
600 1 138547037 -71.391091 41.90176
600 1 138471915 -71.351633 41.877611
600 1 138437534 -71.41561 41.85178
600 1 138267799 -71.4203499 41.8055135
600 1 138140736 -71.4811919 41.777484
600 1 138127294 -71.3939439 41.9027479
600 1 138106586 -71.360058 41.890401
600 1 137958183 -71.4150718 41.8772941
600 1 137847538 -71.376975 41.878433
600 1 137847417 -71.393241 41.884092
600 2 138576886 -71.401034 41.882465
600 2 138457378 -71.3934091 41.8640303
600 2 138317592 -71.399137 41.864294
600 2 138260821 -71.386373 41.875485
600 2 138173399 -71.3954992 41.8853268
600 2 137889465 -71.4346806 41.8547324
600 3 138101055 -71.4345945 41.8214666
600 3 138101020 -71.4344982 41.8215151
625 0 138696322 -71.443175 41.8660489
625 0 138424172 -71.3711278 41.8817809
625 0 138371099 -71.3711278 41.8817809
625 1 138705298 -71.377341 41.816094
625 1 138495041 -71.4299437 41.823187
625 1 138345445 -71.393508 41.889211
625 1 138195727 -71.389777 41.869251
625 1 138195724 -71.385765 41.88129
625 1 138025708 -71.4144242 41.87427
625 2 137980174 -71.3802741 41.8730684
625 2 137974825 -71.4503972 41.8239511
650 0 138471922 -71.3715605 41.8847413
650 0 138467105 -71.4361301 41.8270303
650 0 138407308 -71.352829 41.796003
650 0 137847536 -71.470266 41.853249
650 1 138694610 -71.3980011 41.7830453
650 1 138659105 -71.425653 41.869748
650 1 138606792 -71.399604 41.779533
650 1 138397688 -71.39763 41.8593418
650 1 138317584 -71.485021 41.857098
650 1 138314082 -71.4261072 41.8397482
650 1 138195667 -71.369221 41.821067
650 1 137976637 -71.4035999 41.8931775
650 1 137974880 -71.438243 41.813413
650 2 138342618 -71.413977 41.875644
650 2 138290904 -71.4112883 41.795502
650 2 138252865 -71.483307 41.839008
650 2 138234736 -71.449722 41.82653
650 2 138222638 -71.4275663 41.846778
650 2 138217163 -71.4257154 41.7971966
650 2 138175380 -71.409389 41.80369
650 2 137974862 -71.460905 41.818132
650 2 137958184 -71.3838349 41.8856199
650 3 138696231 -71.451991 41.822912
675 0 138471936 -71.3901229 41.867684
675 1 138696233 -71.4140539 41.795373
675 1 138686091 -71.3726611 41.8777514
675 1 138606793 -71.400468 41.780287
675 1 138471971 -71.4239928 41.7556199
675 1 138248268 -71.4239928 41.7556199
675 1 138169454 -71.449051 41.8285195
675 1 138106594 -71.360535 41.8855379
675 1 137974878 -71.4239666 41.7943388
675 1 137898162 -71.435438 41.774082
675 1 137893060 -71.434654 41.778706
675 2 138680308 -71.3906418 41.8203769
675 2 138563148 -71.38234 41.8839395
675 2 138515242 -71.422531 41.821414
675 2 138471682 -71.388319 41.891516
675 2 138451233 -71.4044266 41.7893057
675 2 138446368 -71.397486 41.8919799
675 2 138426150 -71.4210111 41.809827
675 2 138042097 -71.403638 41.875182
675 2 137843132 -71.4293257 41.8215106
675 3 137875992 -71.4452441 41.8224821
675 6 138217470 -71.4350824 41.8184668
700 0 138606778 -71.45631 41.786498
700 0 138544351 -71.3661149 41.842706
700 0 138471851 -71.48455 41.839362
700 0 138317414 -71.4694103 41.7812788
700 0 138195715 -71.349401 41.877253
700 0 137949989 -71.4110666 41.8589345
700 0 137852163 -71.3756668 41.8858161
700 1 138606771 -71.399258 41.778685
700 1 138564175 -71.3644716 41.8854148
700 1 138544343 -71.3661149 41.842706
700 1 138544328 -71.36351 41.77788
700 1 138467002 -71.434716 41.818412
700 1 138391203 -71.3965497 41.8219075
700 1 138346480 -71.3709419 41.8201323
700 1 138344535 -71.3609962 41.8212218
700 1 138324403 -71.5048521 41.8879455
700 1 138236451 -71.4628427 41.7889137
700 1 138195721 -71.3719519 41.879044
700 1 138132624 -71.419318 41.851603
700 1 138075666 -71.424553 41.8038669
700 1 138011454 -71.4384065 41.769514
700 1 137974850 -71.419318 41.851603
700 1 137960668 -71.417917 41.859124
700 1 137948039 -71.4469529 41.843376
700 1 137905357 -71.3721437 41.8926979
700 1 137864718 -71.4266746 41.7771448
700 2 138730635 -71.4615309 41.828702
700 2 138700654 -71.385778 41.886517
700 2 138666351 -71.399398 41.886761
700 2 138630811 -71.465599 41.819553
700 2 138614009 -71.444327 41.819372
700 2 138584995 -71.445735 41.8265079
700 2 138345399 -71.4217 41.8204
700 2 138343666 -71.4000866 41.8769899
700 2 138343600 -71.4426289 41.819734
700 2 138301468 -71.397647 41.878534
700 2 138267785 -71.4234366 41.8022129
700 2 138182899 -71.428179 41.799314
700 2 137875974 -71.4052227 41.7870605
700 3 138148382 -71.4510689 41.8233684
700 3 138131151 -71.4002802 41.8838239
700 3 138101119 -71.438355 41.851881
700 3 137976639 -71.3904798 41.8913226
700 6 138217174 -71.3948705 41.7856162
725 0 138669930 -71.4008329 41.78067
725 0 138371075 -71.426423 41.867807
725 0 138314046 -71.3870183 41.8290455
725 1 138607030 -71.376978 41.8778239
725 1 138424148 -71.426423 41.867807
725 1 138406386 -71.3937729 41.7699142
725 1 138317582 -71.471707 41.838537
725 1 138160390 -71.3542446 41.8821712
725 1 138120012 -71.3323933 41.8703063
725 1 138101206 -71.4018516 41.8491924
725 1 137892930 -71.453065 41.8633036
725 2 138726226 -71.3723935 41.8923049
725 2 138708318 -71.425624 41.8456819
725 2 138707520 -71.4383267 41.8322014
725 2 138701743 -71.4139398 41.8437568
725 2 138533286 -71.392259 41.766042
725 2 138394227 -71.426338 41.8015059
725 2 138331804 -71.4457426 41.8204237
725 2 138317579 -71.358189 41.8874489
725 2 138293502 -71.386334 41.8666916
725 2 138116043 -71.373008 41.893146
725 3 138334675 -71.4449222 41.8200342
750 0 138705116 -71.341359 41.820771
750 0 138668589 -71.41004 41.833039
750 0 138666352 -71.409026 41.83038
750 0 138584184 -71.39011 41.828528
750 0 138471841 -71.3746658 41.8248434
750 0 138158650 -71.390627 41.828382
750 0 138158287 -71.400425 41.832063
750 0 138120783 -71.375777 41.875407
750 0 138101072 -71.4489945 41.8280157
750 1 138708320 -71.4430066 41.8458985
750 1 138618086 -71.3470989 41.759387
750 1 138610177 -71.395734 41.860008
750 1 138499163 -71.3986824 41.8581372
750 1 138499162 -71.3986824 41.8581372
750 1 138424158 -71.371968 41.882196
750 1 138424154 -71.421216 41.867619
750 1 138389487 -71.395734 41.860008
750 1 138373376 -71.421216 41.867619
750 1 138358246 -71.3966807 41.8612631
750 1 138195523 -71.4742772 41.7667524
750 1 138195516 -71.461981 41.73887
750 1 138042106 -71.441695 41.8014987
750 2 138701756 -71.407622 41.793362
750 2 138618044 -71.414095 41.871688
750 2 138599619 -71.4228516 41.8229096
750 2 138529685 -71.4253052 41.8198803
750 2 138525320 -71.432089 41.847534
750 2 138488187 -71.417643 41.80347
750 2 138487313 -71.438538 41.832584
750 2 138484569 -71.414796 41.856178
750 2 138459315 -71.4699 41.8365
750 2 138391148 -71.34539 41.759685
750 2 138304828 -71.4475273 41.8291819
750 2 138224341 -71.4217037 41.8203572
750 2 138182903 -71.451538 41.807224
750 2 138100867 -71.417407 41.846097
750 2 138100834 -71.436922 41.854845
750 2 138025690 -71.436611 41.831112
750 2 137974875 -71.4290307 41.8437171
750 2 137906997 -71.434448 41.818058
750 3 138467044 -71.437186 41.810642
750 3 138358243 -71.4377103 41.8124536
750 3 138300098 -71.4188536 41.806647
750 3 138300097 -71.403712 41.889197
750 3 138127982 -71.4316308 41.8096671
750 3 138106581 -71.404286 41.874527
750 4 138294916 -71.369913 41.892029
750 4 138127968 -71.4316308 41.8096671
750 8 138708315 -71.4069407 41.8041142
775 0 138708323 -71.392841 41.8339659
775 1 138707079 -71.392077 41.864681
775 1 138706636 -71.362378 41.842416
775 1 138496291 -71.362378 41.842416
775 1 138115163 -71.3949152 41.8648087
775 1 138106575 -71.479491 41.850785
775 1 137976770 -71.3985468 41.8707876
775 1 137974032 -71.4207 41.7775
775 1 137963834 -71.420691 41.7775139
775 2 138607000 -71.350793 41.850259
775 2 138501838 -71.4288272 41.8536879
775 2 138371063 -71.372425 41.8645427
775 2 138317416 -71.428254 41.776174
775 2 138313982 -71.4368959 41.8549241
775 2 138195723 -71.372425 41.8645427
775 2 138106582 -71.368109 41.890748
775 2 138083088 -71.451965 41.8034709
775 2 138050854 -71.4116427 41.8549462
775 2 137847421 -71.436154 41.766245
775 3 138606768 -71.390423 41.891447
775 3 138489968 -71.42337 41.8517435
775 3 138467188 -71.4229825 41.8522231
775 3 138449815 -71.3904798 41.8913226
775 3 138195492 -71.3939989 41.8858279
775 3 137923235 -71.407214 41.8057831
800 0 138666863 -71.4087531 41.8299741
800 0 138666178 -71.406071 41.824806
800 0 138651142 -71.4091331 41.8296567
800 0 138467160 -71.4315455 41.8166924
800 0 138460327 -71.4025 41.836
800 0 138195711 -71.3799566 41.8844155
800 0 138101165 -71.395082 41.827934
800 1 138599442 -71.446945 41.834553
800 1 138499167 -71.429588 41.8126029
800 1 138471838 -71.374885 41.817852
800 1 138459272 -71.39 41.8268
800 1 138442516 -71.402535 41.835979
800 1 138271822 -71.3905939 41.767597
800 1 138101222 -71.39297 41.829011
800 1 138088096 -71.43287 41.812078
800 1 138021177 -71.39106 41.759344
800 2 138732509 -71.4376827 41.7777486
800 2 138723468 -71.377936 41.873627
800 2 138694615 -71.3884771 41.8694391
800 2 138645642 -71.4012031 41.8493888
800 2 138645215 -71.3876197 41.8666766
800 2 138597190 -71.439325 41.870009
800 2 138573293 -71.3853644 41.8808156
800 2 138564168 -71.364964 41.886086
800 2 138558768 -71.35494 41.879056
800 2 138555480 -71.443596 41.8509449
800 2 138533284 -71.364311 41.883163
800 2 138532459 -71.415937 41.878405
800 2 138500137 -71.4370182 41.7724859
800 2 138488159 -71.442701 41.850848
800 2 138471926 -71.390904 41.868178
800 2 138471752 -71.391519 41.900259
800 2 138373547 -71.390904 41.868178
800 2 138353307 -71.3474386 41.8895505
800 2 138342604 -71.396469 41.7904399
800 2 138317587 -71.3621299 41.891053
800 2 138293505 -71.4310787 41.8464592
800 2 138278492 -71.374701 41.892925
800 2 138278489 -71.364577 41.8907219
800 2 138201900 -71.4253109 41.820267
800 2 138175034 -71.4487379 41.8264579
800 2 138167987 -71.487397 41.794373
800 2 138106580 -71.3897719 41.86931
800 2 138100891 -71.4499709 41.8242378
800 2 138018205 -71.395337 41.884321
800 2 137976768 -71.4039864 41.8735651
800 2 137976730 -71.369766 41.813065
800 2 137974786 -71.4244566 41.7959023
800 2 137859684 -71.355182 41.887856
800 2 137843189 -71.400091 41.789681
800 3 138733109 -71.396157 41.885062
800 3 138707527 -71.460453 41.812272
800 3 138701759 -71.460453 41.812272
800 3 138666872 -71.407743 41.877282
800 3 138620055 -71.43856 41.804348
800 3 138600088 -71.4459903 41.8223958
800 3 138471684 -71.3934699 41.8842799
800 3 138442496 -71.424071 41.837363
800 3 138227495 -71.4459903 41.8223958
800 3 138195720 -71.400478 41.850744
800 3 138094741 -71.4209752 41.8147735
800 3 137976635 -71.390289 41.891464
800 3 137952163 -71.402061 41.88892
825 1 97510930 -71.3506 41.7704
825 1 97510900 -71.4261 41.8625
825 1 138688472 -71.4342365 41.8491174
825 1 138680339 -71.4341479 41.849376
825 1 138606788 -71.4311479 41.786254
825 1 138518611 -71.4311479 41.786254
825 1 138426153 -71.370436 41.8136758
825 1 138413692 -71.444005 41.857518
825 1 138353310 -71.4257682 41.820525
825 1 138343625 -71.45813 41.8048969
825 1 138288350 -71.4257682 41.820525
825 1 138148372 -71.348456 41.878901
825 1 138084128 -71.431411 41.776697
825 2 138735888 -71.414649 41.853448
825 2 138499240 -71.4835114 41.8572802
825 2 138195708 -71.412089 41.875563
825 2 138179720 -71.3898997 41.8225059
825 2 138162386 -71.4574739 41.7958489
825 2 138088097 -71.3992987 41.8646997
825 2 137976736 -71.472952 41.830583
850 0 138607099 -71.4338368 41.7381384
850 0 138471935 -71.375442 41.88181
850 0 138110245 -71.422804 41.775042
850 1 138706631 -71.362788 41.778346
850 1 138544913 -71.512509 41.889022
850 1 138529674 -71.3921529 41.7749
850 1 138366360 -71.3798295 41.8857605
850 1 138314036 -71.446722 41.8444999
850 1 137976734 -71.476411 41.834186
850 1 137958892 -71.3798295 41.8857605
850 1 137929999 -71.438543 41.769718
850 2 138723461 -71.4796483 41.8586758
850 2 138707096 -71.431957 41.763338
850 2 138703770 -71.463428 41.8303221
850 2 138658914 -71.3563069 41.860867
850 2 138599417 -71.446945 41.834553
850 2 138543871 -71.4201842 41.8670817
850 2 138461266 -71.5081709 41.888489
850 2 138460609 -71.4574 41.8483
850 2 138424189 -71.372318 41.881022
850 2 138413667 -71.460253 41.832705
850 2 138379510 -71.389335 41.8299197
850 2 138373372 -71.429588 41.8126029
850 2 138371062 -71.372318 41.881022
850 2 138358173 -71.4199855 41.850266
850 2 138301928 -71.4039248 41.8443258
850 2 138289928 -71.4257035 41.8206724
850 2 138157916 -71.476013 41.7980499
850 2 138100756 -71.417502 41.846621
850 2 138081070 -71.429783 41.821394
850 2 138035337 -71.458195 41.851393
850 2 138035320 -71.3929757 41.9064643
850 2 137923279 -71.363297 41.786237
850 2 137923271 -71.350095 41.76314
850 3 138551357 -71.441256 41.8287406
850 3 138547064 -71.4274905 41.8182671
850 3 138525149 -71.42173 41.851873
850 3 138495040 -71.373996 41.872205
850 3 138493450 -71.376168 41.885798
850 3 138471923 -71.373148 41.871648
850 3 138467066 -71.430604 41.840126
850 3 138267759 -71.4075417 41.8423578
850 3 138106576 -71.3887759 41.874147
850 3 138086516 -71.4439105 41.8283832
850 3 137974832 -71.4337815 41.8181816
875 0 138496384 -71.370383 41.881419
875 0 138241356 -71.3952344 41.8581341
875 1 138373422 -71.3755667 41.8813295
875 1 138230582 -71.458276 41.849412
875 1 138195719 -71.348456 41.878901
875 2 138703780 -71.4079264 41.8420677
875 2 138471933 -71.370383 41.881419
875 2 138467025 -71.418128 41.847678
875 2 138460301 -71.3971 41.7732
875 2 138424178 -71.3712989 41.882053
875 2 138145255 -71.366891 41.824702
875 2 137921111 -71.4293468 41.7750418
900 0 138599777 -71.4319189 41.848161
900 0 138195514 -71.438454 41.7845631
900 0 137974820 -71.427373 41.824278
900 1 131748177 -71.4643 41.8628
900 1 138686827 -71.3963969 41.7786029
900 1 138671132 -71.400906 41.832444
900 1 138659138 -71.4634352 41.8612635
900 1 138642699 -71.3588908 41.7880342
900 1 138629510 -71.3963969 41.7786029
900 1 138607106 -71.416781 41.751352
900 1 138471908 -71.384236 41.8581829
900 1 138460285 -71.4175 41.8145
900 1 138312268 -71.3922681 41.8292652
900 1 138195515 -71.425188 41.7658569
900 1 138106563 -71.347117 41.806461
900 2 138714295 -71.460939 41.80768
900 2 138696232 -71.436886 41.782589
900 2 138694617 -71.397541 41.774056
900 2 138606773 -71.444717 41.774793
900 2 138606769 -71.3997119 41.78418
900 2 138564167 -71.419893 41.869352
900 2 138471929 -71.4021316 41.8738031
900 2 138471694 -71.465707 41.783902
900 2 138373385 -71.402125 41.873553
900 2 138314018 -71.4576789 41.8193247
900 2 138308605 -71.3980369 41.7742818
900 2 138289927 -71.4163824 41.8801937
900 2 138258837 -71.4242404 41.824123
900 2 138218479 -71.40349 41.852522
900 2 138171350 -71.448151 41.808098
900 2 138120847 -71.33279 41.870981
900 2 138106583 -71.376917 41.880125
900 2 137976638 -71.4021747 41.7758266
900 2 137974856 -71.460939 41.80768
900 2 137940755 -71.4553904 41.8132138
900 2 137847533 -71.4755349 41.846443
900 3 138487348 -71.4350824 41.8184668
900 3 138447808 -71.3949441 41.8720249
900 3 138409482 -71.4242404 41.824123
900 3 138313819 -71.425044 41.819029
900 3 138229263 -71.4303669 41.841183
900 3 138217377 -71.430604 41.840126
900 3 138195722 -71.414564 41.877343
925 1 138680345 -71.404754 41.760317
925 1 138606781 -71.444139 41.759409
925 1 138495199 -71.470891 41.8660659
925 2 138520528 -71.349808 41.842739
925 2 138471932 -71.371229 41.882393
925 2 138375995 -71.4004127 41.842482
925 2 138313966 -71.458774 41.831041
925 2 138115185 -71.479049 41.848705
925 3 138607032 -71.3742507 41.8752082
925 3 138495039 -71.407791 41.905712
925 3 138379009 -71.3989011 41.8587196
925 3 138177778 -71.356498 41.881742
950 0 138525268 -71.453012 41.834234
950 0 137939449 -71.42878 41.79121
950 1 117434867 -71.4758 41.756
950 1 138627339 -71.474416 41.755947
950 1 138460329 -71.4848 41.8402
950 1 138448609 -71.3939053 41.8211324
950 1 138389888 -71.414776 41.75185
950 1 138378961 -71.406004 41.8406049
950 1 138101242 -71.3898059 41.828127
950 2 97510929 -71.3506 41.7704
950 2 97510901 -71.4261 41.8625
950 2 138703792 -71.398212 41.853928
950 2 138686835 -71.3963969 41.7786029
950 2 138677738 -71.3963969 41.7786029
950 2 138606780 -71.440367 41.786784
950 2 138553991 -71.3986392 41.8535765
950 2 138420746 -71.43614 41.785903
950 2 138404534 -71.453012 41.834234
950 2 138404523 -71.426918 41.8448629
950 2 138381029 -71.362778 41.778345
950 2 138373398 -71.4458917 41.7696864
950 2 138290907 -71.4323001 41.8219436
950 2 138267805 -71.398212 41.853928
950 2 138150616 -71.4476009 41.835003
950 2 138116448 -71.450897 41.7948529
950 2 138081892 -71.4521592 41.8462709
950 2 137976764 -71.437536 41.867396
950 2 137963073 -71.4366775 41.8348368
950 3 138730617 -71.4368009 41.8058137
950 3 138707114 -71.434628 41.8385279
950 3 138616522 -71.4193596 41.804449
950 3 138606767 -71.444929 41.800699
950 3 138471849 -71.483194 41.837863
950 3 138267791 -71.4440527 41.8263684
950 3 138267765 -71.441442 41.828151
950 3 138217233 -71.3670419 41.8154726
950 3 138106593 -71.373067 41.889549
950 3 138089925 -71.450776 41.834237
950 3 138089924 -71.450776 41.834237
950 3 137868561 -71.415011 41.795596
950 4 137946295 -71.4190867 41.8035636
975 2 138606785 -71.444139 41.759409
975 2 138459636 -71.3978 41.8424
975 2 138424163 -71.3929101 41.857599
975 2 138417387 -71.437061 41.8349444
975 2 138167984 -71.3905319 41.824693
975 2 138100796 -71.445259 41.8440706
975 2 137974865 -71.3934334 41.8216452
975 2 137974859 -71.392385 41.8210635
975 3 138373402 -71.3996595 41.8396909
975 3 138317583 -71.348723 41.888318
975 3 138091593 -71.3652145 41.8915216
975 3 137843036 -71.418128 41.847678
975 3 137843000 -71.445499 41.843995
1000 0 138544360 -71.3542588 41.8411648
1000 0 138195718 -71.382477 41.876074
1000 0 137974805 -71.4053702 41.832917
1000 0 137847420 -71.4572466 41.7836769
1000 1 97510919 -71.4421 41.7629
1000 1 138703791 -71.399698 41.828584
1000 1 138607095 -71.4084365 41.7384155
1000 2 138707134 -71.457522 41.785044
1000 2 138703796 -71.395595 41.81992
1000 2 138599482 -71.4708196 41.8378227
1000 2 138471927 -71.371763 41.881649
1000 2 138471697 -71.4742559 41.7666483
1000 2 138346468 -71.43586 41.8158
1000 2 138307730 -71.4769 41.7895
1000 2 138106457 -71.395303 41.777795
1000 2 137976735 -71.488365 41.8227441
1000 2 137976731 -71.347117 41.806461
1000 2 137974838 -71.3902365 41.8210797
1000 2 137960001 -71.452354 41.806259
1000 2 137927991 -71.4338813 41.812053
1000 2 137875991 -71.4639684 41.8708138
1000 3 138588449 -71.4313317 41.823115
1000 3 138408752 -71.410874 41.806346
1000 3 138373423 -71.410874 41.806346
1000 3 138373395 -71.4204238 41.8531466
1000 3 137921107 -71.428368 41.823355
1000 3 135834420 -71.351624 41.760981
1000 4 138708322 -71.430297 41.839592
1000 5 138547030 -71.410247 41.800618
1025 1 131740631 -71.4764 41.7881
1025 1 128397413 -71.4817 41.7776
1025 1 123353394 -71.4075 41.8354
1025 1 138607004 -71.493465 41.802953
1025 1 138314125 -71.3870183 41.8290455
1025 2 138489049 -71.420631 41.79784
1050 1 135084866 -71.4594 41.8675
1050 1 138739732 -71.506344 41.88779
1050 1 138606795 -71.4422832 41.7630929
1050 1 138467203 -71.3903811 41.8258706
1050 1 138420748 -71.4422832 41.7630929
1050 1 137923581 -71.506344 41.88779
1050 2 138364526 -71.4609849 41.7605379
1050 2 138350901 -71.4257682 41.820525
1050 2 138288344 -71.4257682 41.820525
1050 2 138208527 -71.449263 41.805829
1050 2 138014577 -71.4618532 41.762963
1050 2 137843279 -71.427387 41.8213859
1050 3 138487327 -71.4387133 41.8297388
1050 3 138459389 -71.3928 41.8235
1050 3 138313928 -71.4078362 41.8384656
1050 3 138179716 -71.429756 41.838557
1075 1 137862709 -71.4941575 41.8050737
1075 2 138056847 -71.4690117 41.8412439
1100 1 135081799 -71.4946 41.8045
1100 1 138620076 -71.392083 41.759832
1100 1 137865676 -71.3880088 41.8749826
1100 2 117434868 -71.4758 41.756
1100 2 138736789 -71.434547 41.813248
1100 2 138706633 -71.3661149 41.842706
1100 2 138680310 -71.4750959 41.764971
1100 2 138471928 -71.361102 41.882074
1100 2 138230589 -71.401253 41.8329971
1100 2 138229250 -71.3923639 41.8243449
1100 2 138148454 -71.4225705 41.7531755
1100 2 138101275 -71.401084 41.832712
1100 2 138008406 -71.464986 41.756803
1100 2 137976757 -71.474928 41.84741
1100 2 137974784 -71.38943 41.828561
1100 2 137942485 -71.393513 41.82411
1100 3 138487349 -71.467789 41.834468
1100 3 138123714 -71.45703 41.845704
1100 3 138101257 -71.437002 41.847612
1100 3 138035246 -71.3889729 41.894627
1100 3 137974829 -71.3979279 41.850345
1100 4 138214044 -71.4289828 41.8460642
1100 7 137949121 -71.4445877 41.82486
1125 2 138607108 -71.414776 41.75185
1150 1 131748397 -71.4762 41.7973
1150 1 138538114 -71.440154 41.821826
1150 2 138696237 -71.3588908 41.7880342
1150 2 138461374 -71.3181 41.7386
1150 2 138108664 -71.4931919 41.793414
1150 3 138600080 -71.407573 41.838599
1175 0 138471904 -71.4900929 41.8658994
1175 0 138283799 -71.418498 41.822134
1175 2 138345448 -71.472917 41.865366
1175 3 137892932 -71.4442712 41.8434678
1200 3 138730614 -71.4056266 41.845809
1200 0 138489168 -71.418546 41.822106
1200 1 138600096 -71.4255496 41.8228128
1200 1 138460598 -71.4096 41.834
1200 2 128397414 -71.4817 41.7776
1200 2 131748178 -71.4643 41.8628
1200 2 138625601 -71.4817781 41.7783882
1200 2 138577129 -71.3945 41.853
1200 2 138460639 -71.417 41.9006
1200 2 138441302 -71.389729 41.9019902
1200 2 138412379 -71.3868943 41.8336164
1200 2 138383907 -71.4431273 41.874908
1200 2 138313996 -71.4431334 41.8426743
1200 2 138195518 -71.46401 41.758472
1200 2 138129740 -71.4073934 41.9052842
1200 2 138115236 -71.4042251 41.8334739
1200 2 138101037 -71.426877 41.819412
1200 2 137990739 -71.4721861 41.8165887
1200 2 137976737 -71.487587 41.82228
1200 2 137923237 -71.429139 41.88627
1200 2 137905352 -71.4761706 41.8432121
1200 3 138658904 -71.4208889 41.8562797
1200 3 138600031 -71.4195357 41.8140018
1200 3 138501830 -71.392374 41.855071
1200 3 138495120 -71.3906991 41.8578372
1200 3 138451823 -71.4056266 41.845809
1200 3 138347936 -71.358805 41.7697829
1200 3 138313948 -71.4431334 41.8426743
1200 3 138244514 -71.4248273 41.8076481
1200 3 138178711 -71.396281 41.7898869
1200 3 138101102 -71.397511 41.820209
1200 3 137974841 -71.3929112 41.8209994
1200 3 137847532 -71.421302 41.870327
1200 5 137916614 -71.4107343 41.8049106
1225 1 138467168 -71.401204 41.8309939
1250 3 138120835 -71.457082 41.845703
1250 1 138358195 -71.403396 41.821168
1250 1 138157376 -71.378257 41.825545
1250 2 97510918 -71.4421 41.7629
1250 2 138723572 -71.4084365 41.7384155
1250 2 138606789 -71.4422832 41.7630929
1250 2 138600065 -71.4318472 41.8199201
1250 2 138599696 -71.395152 41.788473
1250 2 138471925 -71.395543 41.860982
1250 2 138158921 -71.471949 41.816557
1250 2 137974794 -71.401164 41.838948
1250 3 138165113 -71.4385096 41.8387159
1250 3 137923266 -71.351641 41.769808
1250 4 138308688 -71.3838349 41.8856199
1250 4 137976733 -71.4989049 41.791118
1275 1 138459446 -71.4117 41.8172
1275 2 123353395 -71.4075 41.8354
1275 2 138651302 -71.470891 41.8660659
1275 2 138607110 -71.416781 41.751352
1275 2 138607002 -71.494323 41.803663
1275 3 138515637 -71.448629 41.8480289
1275 3 137974818 -71.403885 41.845067
1275 4 138599813 -71.433186 41.847948
1300 1 138630805 -71.405328 41.823965
1300 1 138489066 -71.422745 41.8148849
1300 1 138364445 -71.42541 41.79405
1300 1 138361723 -71.4293183 41.8463528
1300 2 131740630 -71.4764 41.7881
1300 2 135081800 -71.4946 41.8045
1300 2 138599672 -71.442335 41.832947
1300 2 138564171 -71.3951528 41.8609857
1300 2 138517494 -71.3951404 41.8609795
1300 2 138461220 -71.3499 41.7666
1300 2 138460162 -71.3948 41.844
1300 2 138459209 -71.4309 41.8242
1300 2 138248418 -71.3951528 41.8609857
1300 2 138225729 -71.494323 41.803663
1300 2 138154369 -71.3978601 41.8387427
1300 2 137974835 -71.386588 41.833809
1300 2 137930000 -71.46369 41.757378
1300 3 138467211 -71.431556 41.836943
1300 3 138289922 -71.457336 41.852848
1300 3 138114327 -71.463834 41.7842429
1300 3 137953680 -71.393509 41.8241299
1300 3 137948116 -71.3940736 41.8242077
1325 3 138269941 -71.4253052 41.8198803
1325 5 138341823 -71.4225615 41.8431867
1350 1 137936206 -71.4274905 41.8182671
1350 2 138680304 -71.3883563 41.8286249
1350 3 138703806 -71.392373 41.852224
1350 3 138696276 -71.3960633 41.8469307
1350 3 138620073 -71.3588908 41.7880342
1350 3 138599983 -71.4297904 41.8212391
1350 3 138599589 -71.4257329 41.818434
1350 3 138561545 -71.362365 41.863148
1350 3 138555471 -71.36834 41.7987639
1350 3 138459635 -71.4026 41.8367
1350 3 138417462 -71.4320842 41.8369539
1350 3 138258786 -71.4451519 41.8425869
1350 4 138202392 -71.4111006 41.804276
1350 4 137843160 -71.43444 41.81795
1375 3 138617537 -71.4282623 41.8392363
1375 3 138489050 -71.429996 41.747244
1375 3 138253988 -71.4282423 41.8393341
1375 3 138101321 -71.3910206 41.8566051
1400 1 138657593 -71.403752 41.822446
1400 1 138412380 -71.418546 41.822106
1400 1 137891148 -71.321303 41.815959
1400 2 138599376 -71.426774 41.823876
1400 2 138461169 -71.3429 41.747
1400 2 138021218 -71.3885104 41.8267199
1400 3 138314056 -71.407222 41.833841
1400 3 138232740 -71.437044 41.8158698
1400 3 138227496 -71.408373 41.8339664
1400 3 138192965 -71.429826 41.8232349
1400 3 138136789 -71.4365415 41.8159443
1400 4 138707547 -71.436773 41.84769
1400 4 138694622 -71.436773 41.84769
1400 4 138600073 -71.426601 41.8194196
1400 4 138489966 -71.503247 41.866833
1400 4 138180866 -71.430464 41.8362376
1400 4 138177217 -71.4337287 41.8209099
1400 4 137860283 -71.434555 41.820588
1400 5 138491914 -71.454666 41.7906489
1425 2 135084867 -71.4594 41.8675
1425 2 138714296 -71.4033649 41.835939
1425 2 138407320 -71.3662253 41.8441327
1425 2 138366378 -71.366173 41.843906
1450 1 138700676 -71.4314768 41.8127376
1450 1 138669366 -71.403027 41.821058
1450 2 138658956 -71.405049 41.823827
1450 2 138467036 -71.385211 41.836036
1450 3 137974815 -71.39836 41.8202889
1450 4 138177739 -71.396652 41.791
1450 5 138285364 -71.4022356 41.8442827
1475 2 138461178 -71.4384 41.8379
1475 3 138555486 -71.3642802 41.8869535
1475 3 137861551 -71.363667 41.886888
1475 4 138364452 -71.3906418 41.8203769
1500 1 138651117 -71.3941626 41.8288279
1500 1 138637009 -71.392487 41.82656
1500 1 138633411 -71.405557 41.824201
1500 1 138467178 -71.410342 41.8236537
1500 1 138353321 -71.394188 41.8288269
1500 1 138331801 -71.4102702 41.823574
1500 2 138459637 -71.3653 41.8256
1500 2 138438216 -71.3817849 41.886082
1500 3 138599747 -71.44686 41.829063
1500 3 138460785 -71.4328 41.8144
1500 3 138351170 -71.435515 41.813012
1500 3 138313902 -71.4297455 41.823097
1500 3 138216100 -71.444214 41.839747
1500 3 138158626 -71.40149 41.836358
1500 3 138014431 -71.400645 41.829583
1500 4 138499160 -71.4365415 41.8159443
1500 4 138404528 -71.417709 41.757839
1525 2 131748395 -71.4762 41.7973
1525 3 138599932 -71.395152 41.788473
1550 1 138589167 -71.418455 41.820463
1550 1 138582890 -71.418455 41.820463
1550 3 123353389 -71.4075 41.8354
1550 3 138541313 -71.4220818 41.788921
1550 3 138265621 -71.3938226 41.8206571
1550 3 138114807 -71.395112 41.774706
1575 1 138381006 -71.412587 41.828515
1575 1 137889453 -71.4218509 41.8283302
1575 3 135080955 -71.4188 41.8218
1600 1 138729210 -71.412587 41.828515
1600 2 138703797 -71.399698 41.828584
1600 2 138678203 -71.4005607 41.8272811
1600 2 138543872 -71.388527 41.869321
1600 2 138538015 -71.3951 41.8363
1600 2 138461292 -71.392 41.7769
1600 2 138460054 -71.4379 41.8387
1600 2 137974884 -71.4089731 41.8338302
1600 3 138703769 -71.4343663 41.8385003
1600 3 138106631 -71.431405 41.753049
1600 3 138106564 -71.487896 41.842502
1600 3 138028228 -71.487896 41.842502
1600 4 138670697 -71.429588 41.8126029
1600 4 138154435 -71.401873 41.8365
1600 4 138154434 -71.401873 41.8365
1600 5 138229247 -71.4242921 41.847666
1650 1 138460152 -71.3913 41.8362
1650 2 138651124 -71.3941626 41.8288279
1650 2 138459219 -71.3922 41.7786
1650 2 138353300 -71.394188 41.8288269
1650 3 138500133 -71.402993 41.821582
1650 4 138350907 -71.4257682 41.820525
1650 4 138288336 -71.4257682 41.820525
1650 4 138177221 -71.42742 41.821748
1675 5 138271817 -71.4426466 41.8433837
1700 4 138599555 -71.430599 41.820438
1700 4 138177741 -71.427918 41.819673
1700 4 138153198 -71.4016989 41.8389219
1700 6 138620067 -71.471314 41.823362
1750 1 138671890 -71.408122 41.828774
1750 2 138461319 -71.3938 41.822
1750 5 138366277 -71.430464 41.8362376
1800 2 138407332 -71.3542588 41.8411648
1800 2 138217175 -71.3806485 41.8797918
1800 3 138719964 -71.393617 41.8201305
1800 3 138581801 -71.5071619 41.888929
1800 3 138371355 -71.4014652 41.834849
1800 4 138599518 -71.426973 41.821634
1800 4 138459220 -71.4034 41.8309
1800 4 138176111 -71.4273932 41.8220583
1800 4 138158117 -71.405704 41.834944
1800 4 138065067 -71.4270553 41.821433
1850 1 138461444 -71.4067 41.8307
1850 3 138518981 -71.435428 41.77505
1850 4 138718085 -71.4053461 41.8348316
1900 1 135080957 -71.4188 41.8218
1900 2 138383920 -71.3982576 41.8194826
1900 3 138651279 -71.397794 41.819657
1900 3 138544899 -71.5071619 41.888929
1900 4 137923273 -71.348589 41.841564
1950 3 138460328 -71.4006 41.7789
1950 3 138366304 -71.3909693 41.8295909
2000 2 138669360 -71.408122 41.828774
2000 2 138460158 -71.3893 41.8362
2000 4 138343672 -71.4332086 41.8196567
2000 4 138192973 -71.427251 41.821446
2000 5 138467013 -71.3938349 41.8203997
2000 5 138178697 -71.396281 41.7898869
2000 6 138224286 -71.394758 41.83614
2100 2 138400086 -71.418546 41.822106
2100 3 138606868 -71.415721 41.85906
2100 4 137843260 -71.427387 41.8213859
2125 5 137859660 -71.4273932 41.8220583
2175 3 137887901 -71.397233 41.848895
2200 2 138658913 -71.399969 41.827498
2200 2 138317578 -71.4900929 41.8658994
2200 3 138666350 -71.408011 41.829004
2200 4 137842897 -71.429058 41.821936
2200 5 138394024 -71.4035862 41.8407815
2200 5 138195669 -71.49812 41.8464079
2300 3 138501820 -71.4078509 41.829036
2400 4 138353334 -71.4285018 41.8410229
2400 6 138178908 -71.398241 41.789713
2450 3 138376005 -71.418546 41.822106
2475 3 138719984 -71.4006671 41.8281044
2475 3 138265461 -71.4005607 41.8272811
2500 2 138459571 -71.4338 41.8294
2500 3 138116371 -71.385232 41.833402
2500 5 138707540 -71.433385 41.839594
2500 5 138696352 -71.433385 41.839594
2500 5 138600046 -71.4302211 41.8238405
2500 5 138413669 -71.387018 41.830158
2600 1 138659046 -71.4393234 41.8090135
2600 2 138502057 -71.387013 41.827056
2600 2 138461176 -71.4081 41.832
2600 2 138460801 -71.387 41.8271
2600 2 138313873 -71.387013 41.827056
2800 1 138666870 -71.405246 41.8291015
2800 1 138358164 -71.405256 41.829103
2800 2 138666336 -71.399969 41.827498
2800 2 138371276 -71.389325 41.771357
2800 2 138106456 -71.389325 41.771357
2800 3 138100666 -71.38491 41.84392
2800 5 138101003 -71.391514 41.83691
2875 2 135080945 -71.4188 41.8218
2900 4 138721737 -71.3998844 41.8217101
3000 6 138705109 -71.4308 41.837153
3150 4 138458010 -71.4614 41.8483
3150 6 137843240 -71.427387 41.8213859
3200 4 138446807 -71.3990588 41.825636
3300 4 138265484 -71.4005607 41.8272811
3800 8 138467117 -71.4059564 41.8049396
4125 5 137889461 -71.4005607 41.8272811
4200 8 138343668 -71.401253 41.8329971
4700 8 138383902 -71.4067903 41.8287459
4775 8 138703800 -71.4343663 41.8385003
4950 6 138721740 -71.4006671 41.8281044
5225 9 138192969 -71.427387 41.8213859
